61111 1166166161. 65

166113616631 161 666 16 16616666 161 166631 66 61
161161166 16 16161116166 616 1661 1666, 61 11611616
116611 166 1161616 16 161 16161161, ja, al vloeide de
rookende 6116661 16 6616161 6161, 66 616631611616166166616
661 616 16666 damp 166161661, 61661, Caecilia, 1166116
11616, 6 166116116161161661 1661 36661661.

Ζ66116 16 1611616661316, 161 116161- 66 161166116111116
6166616, 111166161163,1) 61661 11]’ 361661 66 6116116661
66 16161111( 36166116116661166166166161116616616,
6616661166 11] 1161 1661611 over 161616166. 11661166·
1661116616 zijn Rome's 166166 1616611131, 161 Rome, 166
11661, 616 611 666 bron, het 66616666616 361661 16611116611.

Ν6161 6161611111 161 6166316111( 16611 1661161 1116611
was 6136616366, 16116 men des 6661161611616616166,
663 16 11661 1616616. Β16631611661616161161661 (16
11616616 1661116166, 66 16 hij ’616161 166116661166113
11661 166166611. 116 6166616 (16 16613666161, (116 (1661
Venus 16166 6116 3661616166 116111 1616161, 161161113 ,
361661 1611611 66 11]’ 16161111( 16 1616161616666 opruimt
als zij uit de golven (161 166 111] 16 66363666, 166
661111611 66 16 3616616 Caecilia 66116116113166616,
616616631 11166616 1166116 1116666 16666166 1616611136
1161166, 11666661 zij 166166 666 16161661161166166, 16611·
161661 1661 166 166366 1616 hun 166361136 616161666
(1666 166166, 166161 616161, 1166111] 6166116161 11166166
61 16 361166 66616166,1611116616666 116 361166 11661-
1116166, 166 116366 16 663616616166 616161, 11661 66
06661116 1666316111116 36661 1661 ’6 1661616 61616
116111 361661. Η661166611611661361161166 Caecilia en
6166166 166136116116 1661636161161661616616, 6111661 zij
6616616161616 God geniet. .

¹¹) 01 vernam.
ὅ

 

